    7.80000   9.03238   3.38970   5.39444   2.68135   3.63793   2.03579   7.02158   3.28485   4.14028   2.60680   2.88130   1.91042   2.01080   1.60537   1.25417   0.98487   0.75663   1.00842
    7.90000   7.54616   1.38499   4.54844   1.17353   2.99771   0.77886   4.86168   1.52453   2.41319   1.01530   2.44849   0.89464   2.68448   1.58134   2.13526   1.32643   0.54921   0.51089
    8.00000   6.36512   0.81148   2.88453   0.51023   3.48059   0.62905   4.57064   0.88578   2.05407   0.55582   2.51657   0.62780   1.79448   0.88459   0.83046   0.50890   0.96402   0.52096
    8.10000   6.08131   0.64978   2.55664   0.34237   3.52466   0.50738   4.42853   0.78058   1.75629   0.35043   2.67225   0.59921   1.65277   0.72262   0.80035   0.28093   0.85242   0.55264
    8.20000   4.27813   0.42295   1.84129   0.28582   2.43684   0.25764   2.77789   0.54484   1.01317   0.26202   1.76472   0.39085   1.50024   0.55021   0.82812   0.33065   0.67212   0.31876
    8.30000   4.98235   0.44150   1.85114   0.28133   3.13122   0.27365   3.44978   0.53467   1.03877   0.19947   2.41101   0.42633   1.53257   0.52807   0.81236   0.28515   0.72021   0.32012
    8.40000   4.53735   0.31761   1.47537   0.17324   3.06199   0.24087   3.08771   0.44137   0.78727   0.14324   2.30044   0.38833   1.44964   0.44473   0.68809   0.17555   0.76155   0.33387
    8.50000   4.76464   0.27115   1.47272   0.18200   3.29192   0.18625   3.27166   0.35985   0.82719   0.08331   2.44447   0.34161   1.49298   0.35784   0.64553   0.14815   0.84745   0.25938
    8.60000   5.06109   0.18028   1.39032   0.16156   3.67076   0.20116   3.49163   0.34146   0.68523   0.07445   2.80641   0.31924   1.56945   0.30340   0.70509   0.14216   0.86436   0.20567
    8.70000   4.96936   0.16645   1.53492   0.11607   3.43444   0.17413   3.19035   0.31801   0.60928   0.08194   2.58107   0.27629   1.77901   0.26973   0.92564   0.12686   0.85337   0.18164
    8.80000   4.76489   0.15042   1.30595   0.11755   3.45894   0.18820   3.03364   0.31528   0.52347   0.07306   2.51015   0.27908   1.73126   0.26248   0.78247   0.13431   0.94879   0.15681
    8.90000   4.24996   0.14256   1.26425   0.07854   2.98571   0.15753   2.77919   0.26628   0.56555   0.05779   2.21364   0.23405   1.47077   0.20050   0.69868   0.08762   0.77208   0.13481
    9.00000   3.71507   0.14485   1.08528   0.06150   2.62980   0.15565   2.41766   0.23726   0.48317   0.05591   1.93449   0.19851   1.29741   0.14576   0.60210   0.08270   0.69530   0.07946
    9.10000   3.44590   0.12572   1.08909   0.04438   2.35680   0.12925   2.27788   0.21203   0.52136   0.05852   1.75652   0.17432   1.16801   0.12805   0.56773   0.07043   0.60028   0.07132
    9.20000   3.21269   0.13613   1.06088   0.02907   2.15180   0.12668   2.13776   0.17635   0.52714   0.04332   1.61062   0.14796   1.07493   0.07784   0.53375   0.04386   0.54119   0.04647
    9.30000   2.87919   0.09976   1.01127   0.03084   1.86793   0.09928   1.94245   0.16261   0.52762   0.04397   1.41482   0.13159   0.93675   0.09240   0.48364   0.05050   0.45311   0.05073
    9.40000   2.74713   0.09983   1.05013   0.02783   1.69701   0.08793   1.87016   0.15301   0.58315   0.04999   1.28701   0.11247   0.87698   0.07564   0.46698   0.04336   0.41001   0.03929
    9.50000   2.60908   0.09724   1.07226   0.02960   1.53681   0.07828   1.81498   0.15251   0.62525   0.05196   1.18971   0.10939   0.79410   0.07291   0.44701   0.03620   0.34710   0.04296
    9.60000   2.68606   0.09564   1.22004   0.03317   1.46603   0.07161   1.89202   0.15530   0.74239   0.06423   1.14963   0.09876   0.79404   0.07474   0.47764   0.04332   0.31640   0.03675
    9.70000   2.48582   0.08747   1.20744   0.03392   1.27838   0.06156   1.78682   0.14439   0.76880   0.06622   1.01802   0.08561   0.69900   0.06969   0.43865   0.04193   0.26035   0.03146
    9.80000   2.19308   0.07566   1.11355   0.03343   1.07952   0.04905   1.62379   0.12393   0.75244   0.05785   0.87135   0.07151   0.56929   0.05644   0.36111   0.03197   0.20818   0.02793
    9.90000   1.83510   0.06537   0.94849   0.02740   0.88660   0.04282   1.40356   0.10380   0.67251   0.04891   0.73106   0.05928   0.43154   0.04502   0.27599   0.02691   0.15554   0.02054
   10.00000   1.53840   0.05574   0.82456   0.02551   0.71384   0.03400   1.19794   0.08838   0.60802   0.04518   0.58992   0.04655   0.34045   0.03826   0.21654   0.02408   0.12392   0.01604
   10.10000   1.24601   0.04439   0.67067   0.02098   0.57534   0.02647   0.99924   0.07019   0.51490   0.03644   0.48434   0.03659   0.24677   0.02966   0.15577   0.01856   0.09099   0.01241
   10.20000   0.94130   0.03202   0.51123   0.01602   0.43007   0.01823   0.77736   0.05251   0.41081   0.02741   0.36655   0.02721   0.16394   0.02293   0.10041   0.01330   0.06352   0.01055
   10.30000   0.64278   0.02265   0.35905   0.01226   0.28374   0.01197   0.54480   0.03533   0.29998   0.01901   0.24483   0.01775   0.09798   0.01414   0.05907   0.00802   0.03892   0.00673
   10.40000   0.39614   0.01373   0.23024   0.00835   0.16590   0.00648   0.34417   0.02086   0.19951   0.01207   0.14465   0.00980   0.05197   0.00811   0.03074   0.00455   0.02124   0.00391
   10.50000   0.22274   0.00748   0.13935   0.00527   0.08337   0.00304   0.19809   0.01039   0.12408   0.00674   0.07401   0.00437   0.02465   0.00353   0.01527   0.00198   0.00936   0.00180
   10.60000   0.10777   0.00276   0.07327   0.00296   0.03450   0.00105   0.09865   0.00421   0.06735   0.00357   0.03130   0.00113   0.00912   0.00183   0.00592   0.00091   0.00320   0.00107
   10.70000   0.04749   0.00100   0.03452   0.00117   0.01297   0.00109   0.04473   0.00118   0.03282   0.00132   0.01192   0.00063   0.00275   0.00080   0.00169   0.00031   0.00106   0.00058
   10.80000   0.01828   0.00111   0.01401   0.00058   0.00427   0.00099   0.01748   0.00096   0.01348   0.00062   0.00400   0.00087   0.00080   0.00026   0.00053   0.00014   0.00027   0.00017
   10.90000   0.00599   0.00056   0.00465   0.00031   0.00134   0.00045   0.00591   0.00052   0.00461   0.00033   0.00130   0.00043   0.00008   0.00007   0.00003   0.00003   0.00005   0.00006
   11.00000   0.00129   0.00020   0.00106   0.00018   0.00024   0.00008   0.00129   0.00020   0.00106   0.00018   0.00024   0.00008   0.00000   0.00000   0.00000   0.00000   0.00000   0.00000
   11.10000   0.00022   0.00007   0.00015   0.00005   0.00008   0.00003   0.00022   0.00007   0.00015   0.00005   0.00008   0.00003   0.00000   0.00000   0.00000   0.00000   0.00000   0.00000
   11.20000   0.00005   0.00003   0.00001   0.00001   0.00003   0.00002   0.00005   0.00003   0.00001   0.00001   0.00003   0.00002   0.00000   0.00000   0.00000   0.00000   0.00000   0.00000
   11.30000   0.00001   0.00001   0.00001   0.00001   0.00000   0.00000   0.00001   0.00001   0.00001   0.00001   0.00000   0.00000   0.00000   0.00000   0.00000   0.00000   0.00000   0.00000
   11.40000   0.00001   0.00001   0.00000   0.00000   0.00001   0.00001   0.00001   0.00001   0.00000   0.00000   0.00001   0.00001   0.00000   0.00000   0.00000   0.00000   0.00000   0.00000
   11.50000   0.00000   0.00000   0.00000   0.00000   0.00000   0.00000   0.00000   0.00000   0.00000   0.00000   0.00000   0.00000   0.00000   0.00000   0.00000   0.00000   0.00000   0.00000
   11.60000   0.00002   0.00002   0.00000   0.00000   0.00002   0.00002   0.00002   0.00002   0.00000   0.00000   0.00002   0.00002   0.00000   0.00000   0.00000   0.00000   0.00000   0.00000
   11.70000   0.00001   0.00001   0.00000   0.00000   0.00001   0.00001   0.00001   0.00001   0.00000   0.00000   0.00001   0.00001   0.00000   0.00000   0.00000   0.00000   0.00000   0.00000
   11.80000   0.00001   0.00001   0.00000   0.00000   0.00001   0.00001   0.00001   0.00001   0.00000   0.00000   0.00001   0.00001   0.00000   0.00000   0.00000   0.00000   0.00000   0.00000
   11.90000   0.00001   0.00001   0.00001   0.00001   0.00000   0.00000   0.00001   0.00001   0.00001   0.00001   0.00000   0.00000   0.00000   0.00000   0.00000   0.00000   0.00000   0.00000
   12.00000   0.00001   0.00001   0.00001   0.00001   0.00000   0.00000   0.00001   0.00001   0.00001   0.00001   0.00000   0.00000   0.00000   0.00000   0.00000   0.00000   0.00000   0.00000


# this data set is coming from Yang et al. 2009c, ApJ, 695, 900, table 2. 
Column 1: the median of the logarithm of the galaxy luminosity with bin width Δ log L = 0.05. Columns 2–4: the LFs of all, red, and blue galaxies for “All” group members. Columns 5–7: the LFs
for all, red, and blue galaxies for “Central” group members. Columns 8–10: the LFs of all, red, and blue galaxies for “Satellite” group members, respectively. Note that all the galaxy LFs listed in this table
are in units of 10^{−2}h3Mpc^{−3}d log L, where log is the 10 based logarith.

Starting from column 2, data and error bars are provided in two separated columns.



