   6.10787  0.1312E+06  0.0000E+00  0.0000E+00
   6.16665  0.0000E+00  0.0000E+00  0.0000E+00
   6.22543  0.0000E+00  0.0000E+00  0.0000E+00
   6.28422  0.0000E+00  0.0000E+00  0.0000E+00
   6.34300  0.0000E+00  0.0000E+00  0.0000E+00
   6.40178  0.0000E+00  0.0000E+00  0.0000E+00
   6.46057  0.4009E+05  0.0000E+00  0.0000E+00
   6.51935  0.1184E+06  0.0000E+00  0.0000E+00
   6.57813  0.2443E+05  0.0000E+00  0.0000E+00
   6.63692  0.3451E+05  0.0000E+00  0.0000E+00
   6.69570  0.5192E+05  0.0000E+00  0.0000E+00
   6.75448  0.0000E+00  0.0000E+00  0.0000E+00
   6.81327  0.3090E+05  0.0000E+00  0.0000E+00
   6.87205  0.0000E+00  0.0000E+00  0.0000E+00
   6.93083  0.0000E+00  0.0000E+00  0.0000E+00
   6.98962  0.1526E+05  0.0000E+00  0.0000E+00
   7.04840  0.1674E+05  0.0000E+00  0.0000E+00
   7.10718  0.7243E+04  0.0000E+00  0.0000E+00
   7.16597  0.1338E+05  0.0000E+00  0.0000E+00
   7.22475  0.2933E+04  0.0000E+00  0.0000E+00
   7.28353  0.2086E+04  0.0000E+00  0.0000E+00
   7.34232  0.8088E+04  0.0000E+00  0.0000E+00
   7.40110  0.1264E+05  0.0000E+00  0.0000E+00
   7.45988  0.5189E+04  0.0000E+00  0.0000E+00
   7.51867  0.3762E+04  0.0000E+00  0.0000E+00
   7.57745  0.6117E+04  0.0000E+00  0.0000E+00
   7.63623  0.9687E+03  0.0000E+00  0.0000E+00
   7.69502  0.6308E+04  0.0000E+00  0.0000E+00
   7.75380  0.7681E+04  0.0000E+00  0.0000E+00
   7.81258  0.7005E+04  0.0000E+00  0.0000E+00
   7.87137  0.7645E+04  0.0000E+00  0.0000E+00
   7.93015  0.8210E+04  0.0000E+00  0.0000E+00
   7.98893  0.9910E+04  0.0000E+00  0.0000E+00
   8.04772  0.9656E+04  0.0000E+00  0.0000E+00
   8.10650  0.8976E+04  0.0000E+00  0.0000E+00
   8.16528  0.9357E+04  0.0000E+00  0.0000E+00
   8.22407  0.7443E+04  0.0000E+00  0.0000E+00
   8.28285  0.6521E+04  0.0000E+00  0.0000E+00
   8.34163  0.7387E+04  0.0000E+00  0.0000E+00
   8.40042  0.5887E+04  0.0000E+00  0.0000E+00
   8.45920  0.6169E+04  0.0000E+00  0.0000E+00
   8.51798  0.4684E+04  0.0000E+00  0.0000E+00
   8.57677  0.4113E+04  0.0000E+00  0.0000E+00
   8.63555  0.3885E+04  0.0000E+00  0.0000E+00
   8.69433  0.3629E+04  0.0000E+00  0.0000E+00
   8.75312  0.3106E+04  0.0000E+00  0.0000E+00
   8.81190  0.2693E+04  0.0000E+00  0.0000E+00
   8.87068  0.2406E+04  0.0000E+00  0.0000E+00
   8.92947  0.2243E+04  0.0000E+00  0.0000E+00
   8.98825  0.2583E+04  0.0000E+00  0.0000E+00
   9.04703  0.2417E+04  0.0000E+00  0.0000E+00
   9.10582  0.2226E+04  0.0000E+00  0.0000E+00
   9.16460  0.2050E+04  0.0000E+00  0.0000E+00
   9.22338  0.1966E+04  0.0000E+00  0.0000E+00
   9.28217  0.1784E+04  0.0000E+00  0.0000E+00
   9.34095  0.1790E+04  0.0000E+00  0.0000E+00
   9.39973  0.1812E+04  0.0000E+00  0.0000E+00
   9.45852  0.1767E+04  0.0000E+00  0.0000E+00
   9.51730  0.1738E+04  0.0000E+00  0.0000E+00
   9.57608  0.1625E+04  0.0000E+00  0.0000E+00
   9.63487  0.1483E+04  0.0000E+00  0.0000E+00
   9.69365  0.1418E+04  0.0000E+00  0.0000E+00
   9.75243  0.1366E+04  0.0000E+00  0.0000E+00
   9.81122  0.1327E+04  0.0000E+00  0.0000E+00
   9.87000  0.1239E+04  0.0000E+00  0.0000E+00
   9.92878  0.1133E+04  0.0000E+00  0.0000E+00
   9.98757  0.1076E+04  0.0000E+00  0.0000E+00
  10.04635  0.1043E+04  0.0000E+00  0.0000E+00
  10.10513  0.9562E+03  0.0000E+00  0.0000E+00
  10.16392  0.9061E+03  0.0000E+00  0.0000E+00
  10.22270  0.8088E+03  0.7569E+00  0.0000E+00
  10.28148  0.7231E+03  0.1818E+03  0.0000E+00
  10.34027  0.6439E+03  0.6066E+03  0.0000E+00
  10.39905  0.5479E+03  0.5160E+03  0.0000E+00
  10.45783  0.4412E+03  0.4443E+03  0.0000E+00
  10.51662  0.3633E+03  0.3652E+03  0.0000E+00
  10.57540  0.2917E+03  0.3126E+03  0.0000E+00
  10.63418  0.2207E+03  0.2492E+03  0.0000E+00
  10.69297  0.1634E+03  0.1826E+03  0.0000E+00
  10.75175  0.1199E+03  0.1346E+03  0.0000E+00
  10.81054  0.7983E+02  0.9756E+02  0.0000E+00
  10.86932  0.5335E+02  0.6944E+02  0.0000E+00
  10.92810  0.3608E+02  0.4705E+02  0.0000E+00
  10.98689  0.2320E+02  0.3096E+02  0.0000E+00
  11.04567  0.1492E+02  0.2035E+02  0.1547E+00
  11.10445  0.8279E+01  0.1340E+02  0.9980E+01
  11.16323  0.6030E+01  0.8640E+01  0.9423E+01
  11.22202  0.2044E+01  0.4300E+01  0.4820E+01
  11.28080  0.1022E+01  0.2954E+01  0.2669E+01
  11.33959  0.5111E+00  0.1145E+01  0.1327E+01
  11.39837  0.6133E+00  0.5023E+00  0.7017E+00
  11.45715  0.0000E+00  0.4019E+00  0.4371E+00
  11.51594  0.1022E+00  0.2009E+00  0.2876E+00
  11.57472  0.0000E+00  0.1607E+00  0.4399E-01
  11.63350  0.0000E+00  0.4019E-01  0.1070E-01
  11.69229  0.0000E+00  0.0000E+00  0.5348E-01
  11.75107  0.0000E+00  0.2009E-01  0.3209E-01
  11.80985  0.0000E+00  0.0000E+00  0.1070E-01
  11.86864  0.0000E+00  0.0000E+00  0.2139E-01
  11.92742  0.0000E+00  0.0000E+00  0.1070E-01
