   9.87192  0.4631E+06  0.3827E+06  0.8042E+05  0.1000E-01  0.1000E-01  0.1000E-01  0.1000E-01  0.1000E-01  0.1000E-01  0.1000E-01  0.1000E-01  0.1000E-01  0.1000E-01  0.1000E-01  0.1000E-01
   9.92700  0.4283E+06  0.3487E+06  0.7954E+05  0.9900E-02  0.9900E-02  0.9900E-02  0.9900E-02  0.9900E-02  0.9900E-02  0.9900E-02  0.9900E-02  0.9900E-02  0.9900E-02  0.9900E-02  0.9900E-02
   9.98208  0.3898E+06  0.3124E+06  0.7740E+05  0.9800E-02  0.9800E-02  0.9800E-02  0.9800E-02  0.9800E-02  0.9800E-02  0.9800E-02  0.9800E-02  0.9800E-02  0.9800E-02  0.9800E-02  0.9800E-02
  10.03716  0.3440E+06  0.2705E+06  0.7355E+05  0.9700E-02  0.9700E-02  0.9700E-02  0.9700E-02  0.9700E-02  0.9700E-02  0.9700E-02  0.9700E-02  0.9700E-02  0.9700E-02  0.9700E-02  0.9700E-02
  10.09224  0.3065E+06  0.2371E+06  0.6940E+05  0.9600E-02  0.9600E-02  0.9600E-02  0.9600E-02  0.9600E-02  0.9600E-02  0.9600E-02  0.9600E-02  0.9600E-02  0.9600E-02  0.9600E-02  0.9600E-02
  10.14732  0.2759E+06  0.2105E+06  0.6537E+05  0.9500E-02  0.9500E-02  0.9500E-02  0.9500E-02  0.9500E-02  0.9500E-02  0.9500E-02  0.9500E-02  0.9500E-02  0.9500E-02  0.9500E-02  0.9500E-02
  10.20240  0.2450E+06  0.1843E+06  0.6067E+05  0.9400E-02  0.9400E-02  0.9400E-02  0.9400E-02  0.9400E-02  0.9400E-02  0.9400E-02  0.9400E-02  0.9400E-02  0.9400E-02  0.9400E-02  0.9400E-02
  10.25748  0.2157E+06  0.1601E+06  0.5560E+05  0.9300E-02  0.9300E-02  0.9300E-02  0.9300E-02  0.9300E-02  0.9300E-02  0.9300E-02  0.9300E-02  0.9300E-02  0.9300E-02  0.9300E-02  0.9300E-02
  10.31256  0.1892E+06  0.1387E+06  0.5049E+05  0.9200E-02  0.9200E-02  0.9200E-02  0.9200E-02  0.9200E-02  0.9200E-02  0.9200E-02  0.9200E-02  0.9200E-02  0.9200E-02  0.9200E-02  0.9200E-02
  10.36764  0.1686E+06  0.1224E+06  0.4618E+05  0.9100E-02  0.9100E-02  0.9100E-02  0.9100E-02  0.9100E-02  0.9100E-02  0.9100E-02  0.9100E-02  0.9100E-02  0.9100E-02  0.9100E-02  0.9100E-02
  10.42272  0.1481E+06  0.1065E+06  0.4158E+05  0.9000E-02  0.9000E-02  0.9000E-02  0.9000E-02  0.9000E-02  0.9000E-02  0.9000E-02  0.9000E-02  0.9000E-02  0.9000E-02  0.9000E-02  0.9000E-02
  10.47780  0.1322E+06  0.9436E+05  0.3780E+05  0.8900E-02  0.8900E-02  0.8900E-02  0.8900E-02  0.8900E-02  0.8900E-02  0.8900E-02  0.8900E-02  0.8900E-02  0.8900E-02  0.8900E-02  0.8900E-02
  10.53288  0.1170E+06  0.8298E+05  0.3404E+05  0.8800E-02  0.8800E-02  0.8800E-02  0.8800E-02  0.8800E-02  0.8800E-02  0.8800E-02  0.8800E-02  0.8800E-02  0.8800E-02  0.8800E-02  0.8800E-02
  10.58796  0.1033E+06  0.7279E+05  0.3047E+05  0.8700E-02  0.8700E-02  0.8700E-02  0.8700E-02  0.8700E-02  0.8700E-02  0.8700E-02  0.8700E-02  0.8700E-02  0.8700E-02  0.8700E-02  0.8700E-02
  10.64304  0.9182E+05  0.6442E+05  0.2740E+05  0.8600E-02  0.8600E-02  0.8600E-02  0.8600E-02  0.8600E-02  0.8600E-02  0.8600E-02  0.8600E-02  0.8600E-02  0.8600E-02  0.8600E-02  0.8600E-02
  10.69812  0.8163E+05  0.5705E+05  0.2458E+05  0.8500E-02  0.8500E-02  0.8500E-02  0.8500E-02  0.8500E-02  0.8500E-02  0.8500E-02  0.8500E-02  0.8500E-02  0.8500E-02  0.8500E-02  0.8500E-02
  10.75320  0.7268E+05  0.5064E+05  0.2204E+05  0.8400E-02  0.8400E-02  0.8400E-02  0.8400E-02  0.8400E-02  0.8400E-02  0.8400E-02  0.8400E-02  0.8400E-02  0.8400E-02  0.8400E-02  0.8400E-02
  10.80828  0.6487E+05  0.4510E+05  0.1978E+05  0.8300E-02  0.8300E-02  0.8300E-02  0.8300E-02  0.8300E-02  0.8300E-02  0.8300E-02  0.8300E-02  0.8300E-02  0.8300E-02  0.8300E-02  0.8300E-02
  10.86336  0.5755E+05  0.3994E+05  0.1762E+05  0.8200E-02  0.8200E-02  0.8200E-02  0.8200E-02  0.8200E-02  0.8200E-02  0.8200E-02  0.8200E-02  0.8200E-02  0.8200E-02  0.8200E-02  0.8200E-02
  10.91844  0.5135E+05  0.3559E+05  0.1576E+05  0.8100E-02  0.8100E-02  0.8100E-02  0.8100E-02  0.8100E-02  0.8100E-02  0.8100E-02  0.8100E-02  0.8100E-02  0.8100E-02  0.8100E-02  0.8100E-02
  10.97352  0.4570E+05  0.3166E+05  0.1404E+05  0.8000E-02  0.8000E-02  0.8000E-02  0.8000E-02  0.8000E-02  0.8000E-02  0.8000E-02  0.8000E-02  0.8000E-02  0.8000E-02  0.8000E-02  0.8000E-02
  11.02860  0.4067E+05  0.2818E+05  0.1249E+05  0.7900E-02  0.7900E-02  0.7900E-02  0.7900E-02  0.7900E-02  0.7900E-02  0.7900E-02  0.7900E-02  0.7900E-02  0.7900E-02  0.7900E-02  0.7900E-02
  11.08368  0.3615E+05  0.2506E+05  0.1109E+05  0.7800E-02  0.7800E-02  0.7800E-02  0.7800E-02  0.7800E-02  0.7800E-02  0.7800E-02  0.7800E-02  0.7800E-02  0.7800E-02  0.7800E-02  0.7800E-02
  11.13876  0.3214E+05  0.2230E+05  0.9844E+04  0.7700E-02  0.7700E-02  0.7700E-02  0.7700E-02  0.7700E-02  0.7700E-02  0.7700E-02  0.7700E-02  0.7700E-02  0.7700E-02  0.7700E-02  0.7700E-02
  11.19384  0.2858E+05  0.1985E+05  0.8725E+04  0.7600E-02  0.7600E-02  0.7600E-02  0.7600E-02  0.7600E-02  0.7600E-02  0.7600E-02  0.7600E-02  0.7600E-02  0.7600E-02  0.7600E-02  0.7600E-02
  11.24892  0.2538E+05  0.1766E+05  0.7716E+04  0.7500E-02  0.7500E-02  0.7500E-02  0.7500E-02  0.7500E-02  0.7500E-02  0.7500E-02  0.7500E-02  0.7500E-02  0.7500E-02  0.7500E-02  0.7500E-02
  11.30400  0.2256E+05  0.1573E+05  0.6825E+04  0.7400E-02  0.7400E-02  0.7400E-02  0.7400E-02  0.7400E-02  0.7400E-02  0.7400E-02  0.7400E-02  0.7400E-02  0.7400E-02  0.7400E-02  0.7400E-02
  11.35908  0.2001E+05  0.1399E+05  0.6018E+04  0.7300E-02  0.7300E-02  0.7300E-02  0.7300E-02  0.7300E-02  0.7300E-02  0.7300E-02  0.7300E-02  0.7300E-02  0.7300E-02  0.7300E-02  0.7300E-02
  11.41416  0.1776E+05  0.1246E+05  0.5307E+04  0.7200E-02  0.7200E-02  0.7200E-02  0.7200E-02  0.7200E-02  0.7200E-02  0.7200E-02  0.7200E-02  0.7200E-02  0.7200E-02  0.7200E-02  0.7200E-02
  11.46924  0.1577E+05  0.1109E+05  0.4676E+04  0.7100E-02  0.7100E-02  0.7100E-02  0.7100E-02  0.7100E-02  0.7100E-02  0.7100E-02  0.7100E-02  0.7100E-02  0.7100E-02  0.7100E-02  0.7100E-02
  11.52432  0.1399E+05  0.9873E+04  0.4115E+04  0.7000E-02  0.7000E-02  0.7000E-02  0.7000E-02  0.7000E-02  0.7000E-02  0.7000E-02  0.7000E-02  0.7000E-02  0.7000E-02  0.7000E-02  0.7000E-02
  11.57940  0.1241E+05  0.8792E+04  0.3617E+04  0.6900E-02  0.6900E-02  0.6900E-02  0.6900E-02  0.6900E-02  0.6900E-02  0.6900E-02  0.6900E-02  0.6900E-02  0.6900E-02  0.6900E-02  0.6900E-02
  11.63449  0.1100E+05  0.7822E+04  0.3174E+04  0.6800E-02  0.6800E-02  0.6800E-02  0.6800E-02  0.6800E-02  0.6800E-02  0.6800E-02  0.6800E-02  0.6800E-02  0.6800E-02  0.6800E-02  0.6800E-02
  11.68957  0.9737E+04  0.6956E+04  0.2782E+04  0.6700E-02  0.6700E-02  0.6700E-02  0.6700E-02  0.6700E-02  0.6700E-02  0.6700E-02  0.6700E-02  0.6700E-02  0.6700E-02  0.6700E-02  0.6700E-02
  11.74465  0.8627E+04  0.6190E+04  0.2437E+04  0.6600E-02  0.6600E-02  0.6600E-02  0.6600E-02  0.6600E-02  0.6600E-02  0.6600E-02  0.6600E-02  0.6600E-02  0.6600E-02  0.6600E-02  0.6600E-02
  11.79973  0.7636E+04  0.5504E+04  0.2131E+04  0.6500E-02  0.6500E-02  0.6500E-02  0.6500E-02  0.6500E-02  0.6500E-02  0.6500E-02  0.6500E-02  0.6500E-02  0.6500E-02  0.6500E-02  0.6500E-02
  11.85481  0.6755E+04  0.4893E+04  0.1862E+04  0.6400E-02  0.6400E-02  0.6400E-02  0.6400E-02  0.6400E-02  0.6400E-02  0.6400E-02  0.6400E-02  0.6400E-02  0.6400E-02  0.6400E-02  0.6400E-02
  11.90989  0.5973E+04  0.4347E+04  0.1626E+04  0.6300E-02  0.6300E-02  0.6300E-02  0.6300E-02  0.6300E-02  0.6300E-02  0.6300E-02  0.6300E-02  0.6300E-02  0.6300E-02  0.6300E-02  0.6300E-02
  11.96497  0.5279E+04  0.3862E+04  0.1417E+04  0.6200E-02  0.6200E-02  0.6200E-02  0.6200E-02  0.6200E-02  0.6200E-02  0.6200E-02  0.6200E-02  0.6200E-02  0.6200E-02  0.6200E-02  0.6200E-02
  12.02005  0.4662E+04  0.3429E+04  0.1233E+04  0.6100E-02  0.6100E-02  0.6100E-02  0.6100E-02  0.6100E-02  0.6100E-02  0.6100E-02  0.6100E-02  0.6100E-02  0.6100E-02  0.6100E-02  0.6100E-02
  12.07513  0.4115E+04  0.3043E+04  0.1071E+04  0.6000E-02  0.6000E-02  0.6000E-02  0.6000E-02  0.6000E-02  0.6000E-02  0.6000E-02  0.6000E-02  0.6000E-02  0.6000E-02  0.6000E-02  0.6000E-02
  12.13021  0.3628E+04  0.2699E+04  0.9296E+03  0.5900E-02  0.5900E-02  0.5900E-02  0.5900E-02  0.5900E-02  0.5900E-02  0.5900E-02  0.5900E-02  0.5900E-02  0.5900E-02  0.5900E-02  0.5900E-02
  12.18529  0.3198E+04  0.2392E+04  0.8061E+03  0.5800E-02  0.5800E-02  0.5800E-02  0.5800E-02  0.5800E-02  0.5800E-02  0.5800E-02  0.5800E-02  0.5800E-02  0.5800E-02  0.5800E-02  0.5800E-02
  12.24037  0.2818E+04  0.2120E+04  0.6976E+03  0.5700E-02  0.5700E-02  0.5700E-02  0.5700E-02  0.5700E-02  0.5700E-02  0.5700E-02  0.5700E-02  0.5700E-02  0.5700E-02  0.5700E-02  0.5700E-02
  12.29545  0.2479E+04  0.1877E+04  0.6027E+03  0.5600E-02  0.5600E-02  0.5600E-02  0.5600E-02  0.5600E-02  0.5600E-02  0.5600E-02  0.5600E-02  0.5600E-02  0.5600E-02  0.5600E-02  0.5600E-02
  12.35053  0.2181E+04  0.1661E+04  0.5201E+03  0.5500E-02  0.5500E-02  0.5500E-02  0.5500E-02  0.5500E-02  0.5500E-02  0.5500E-02  0.5500E-02  0.5500E-02  0.5500E-02  0.5500E-02  0.5500E-02
  12.40561  0.1916E+04  0.1468E+04  0.4479E+03  0.5400E-02  0.5400E-02  0.5400E-02  0.5400E-02  0.5400E-02  0.5400E-02  0.5400E-02  0.5400E-02  0.5400E-02  0.5400E-02  0.5400E-02  0.5400E-02
  12.46069  0.1681E+04  0.1296E+04  0.3851E+03  0.5300E-02  0.5300E-02  0.5300E-02  0.5300E-02  0.5300E-02  0.5300E-02  0.5300E-02  0.5300E-02  0.5300E-02  0.5300E-02  0.5300E-02  0.5300E-02
  12.51577  0.1474E+04  0.1144E+04  0.3304E+03  0.5200E-02  0.5200E-02  0.5200E-02  0.5200E-02  0.5200E-02  0.5200E-02  0.5200E-02  0.5200E-02  0.5200E-02  0.5200E-02  0.5200E-02  0.5200E-02
  12.57085  0.1292E+04  0.1009E+04  0.2830E+03  0.5100E-02  0.5100E-02  0.5100E-02  0.5100E-02  0.5100E-02  0.5100E-02  0.5100E-02  0.5100E-02  0.5100E-02  0.5100E-02  0.5100E-02  0.5100E-02
  12.62593  0.1130E+04  0.8883E+03  0.2421E+03  0.5000E-02  0.5000E-02  0.5000E-02  0.5000E-02  0.5000E-02  0.5000E-02  0.5000E-02  0.5000E-02  0.5000E-02  0.5000E-02  0.5000E-02  0.5000E-02
  12.68101  0.9880E+03  0.7815E+03  0.2065E+03  0.4900E-02  0.4900E-02  0.4900E-02  0.4900E-02  0.4900E-02  0.4900E-02  0.4900E-02  0.4900E-02  0.4900E-02  0.4900E-02  0.4900E-02  0.4900E-02
  12.73609  0.8626E+03  0.6870E+03  0.1755E+03  0.4800E-02  0.4800E-02  0.4800E-02  0.4800E-02  0.4800E-02  0.4800E-02  0.4800E-02  0.4800E-02  0.4800E-02  0.4800E-02  0.4800E-02  0.4800E-02
  12.79117  0.7517E+03  0.6027E+03  0.1490E+03  0.4700E-02  0.4700E-02  0.4700E-02  0.4700E-02  0.4700E-02  0.4700E-02  0.4700E-02  0.4700E-02  0.4700E-02  0.4700E-02  0.4700E-02  0.4700E-02
  12.84625  0.6544E+03  0.5283E+03  0.1260E+03  0.4600E-02  0.4600E-02  0.4600E-02  0.4600E-02  0.4600E-02  0.4600E-02  0.4600E-02  0.4600E-02  0.4600E-02  0.4600E-02  0.4600E-02  0.4600E-02
  12.90133  0.5688E+03  0.4625E+03  0.1063E+03  0.4500E-02  0.4500E-02  0.4500E-02  0.4500E-02  0.4500E-02  0.4500E-02  0.4500E-02  0.4500E-02  0.4500E-02  0.4500E-02  0.4500E-02  0.4500E-02
  12.95641  0.4929E+03  0.4036E+03  0.8928E+02  0.4400E-02  0.4400E-02  0.4400E-02  0.4400E-02  0.4400E-02  0.4400E-02  0.4400E-02  0.4400E-02  0.4400E-02  0.4400E-02  0.4400E-02  0.4400E-02
  13.01149  0.4271E+03  0.3522E+03  0.7486E+02  0.4300E-02  0.4300E-02  0.4300E-02  0.4300E-02  0.4300E-02  0.4300E-02  0.4300E-02  0.4300E-02  0.4300E-02  0.4300E-02  0.4300E-02  0.4300E-02
  13.06657  0.3691E+03  0.3065E+03  0.6260E+02  0.4200E-02  0.4200E-02  0.4200E-02  0.4200E-02  0.4200E-02  0.4200E-02  0.4200E-02  0.4200E-02  0.4200E-02  0.4200E-02  0.4200E-02  0.4200E-02
  13.12165  0.3189E+03  0.2666E+03  0.5232E+02  0.4100E-02  0.4100E-02  0.4100E-02  0.4100E-02  0.4100E-02  0.4100E-02  0.4100E-02  0.4100E-02  0.4100E-02  0.4100E-02  0.4100E-02  0.4100E-02
  13.17673  0.2746E+03  0.2312E+03  0.4342E+02  0.4000E-02  0.4000E-02  0.4000E-02  0.4000E-02  0.4000E-02  0.4000E-02  0.4000E-02  0.4000E-02  0.4000E-02  0.4000E-02  0.4000E-02  0.4000E-02
  13.23181  0.2360E+03  0.2002E+03  0.3578E+02  0.3900E-02  0.3900E-02  0.3900E-02  0.3900E-02  0.3900E-02  0.3900E-02  0.3900E-02  0.3900E-02  0.3900E-02  0.3900E-02  0.3900E-02  0.3900E-02
  13.28689  0.2020E+03  0.1727E+03  0.2928E+02  0.3800E-02  0.3800E-02  0.3800E-02  0.3800E-02  0.3800E-02  0.3800E-02  0.3800E-02  0.3800E-02  0.3800E-02  0.3800E-02  0.3800E-02  0.3800E-02
  13.34197  0.1725E+03  0.1486E+03  0.2389E+02  0.3700E-02  0.3700E-02  0.3700E-02  0.3700E-02  0.3700E-02  0.3700E-02  0.3700E-02  0.3700E-02  0.3700E-02  0.3700E-02  0.3700E-02  0.3700E-02
  13.39705  0.1472E+03  0.1277E+03  0.1947E+02  0.3600E-02  0.3600E-02  0.3600E-02  0.3600E-02  0.3600E-02  0.3600E-02  0.3600E-02  0.3600E-02  0.3600E-02  0.3600E-02  0.3600E-02  0.3600E-02
  13.45213  0.1250E+03  0.1093E+03  0.1572E+02  0.3500E-02  0.3500E-02  0.3500E-02  0.3500E-02  0.3500E-02  0.3500E-02  0.3500E-02  0.3500E-02  0.3500E-02  0.3500E-02  0.3500E-02  0.3500E-02
  13.50721  0.1057E+03  0.9305E+02  0.1265E+02  0.3400E-02  0.3400E-02  0.3400E-02  0.3400E-02  0.3400E-02  0.3400E-02  0.3400E-02  0.3400E-02  0.3400E-02  0.3400E-02  0.3400E-02  0.3400E-02
  13.56229  0.8901E+02  0.7893E+02  0.1008E+02  0.3300E-02  0.3300E-02  0.3300E-02  0.3300E-02  0.3300E-02  0.3300E-02  0.3300E-02  0.3300E-02  0.3300E-02  0.3300E-02  0.3300E-02  0.3300E-02
  13.61737  0.7481E+02  0.6680E+02  0.8014E+01  0.3200E-02  0.3200E-02  0.3200E-02  0.3200E-02  0.3200E-02  0.3200E-02  0.3200E-02  0.3200E-02  0.3200E-02  0.3200E-02  0.3200E-02  0.3200E-02
  13.67245  0.6276E+02  0.5645E+02  0.6312E+01  0.3100E-02  0.3100E-02  0.3100E-02  0.3100E-02  0.3100E-02  0.3100E-02  0.3100E-02  0.3100E-02  0.3100E-02  0.3100E-02  0.3100E-02  0.3100E-02
  13.72753  0.5247E+02  0.4750E+02  0.4970E+01  0.3000E-02  0.3000E-02  0.3000E-02  0.3000E-02  0.3000E-02  0.3000E-02  0.3000E-02  0.3000E-02  0.3000E-02  0.3000E-02  0.3000E-02  0.3000E-02
  13.78261  0.4350E+02  0.3969E+02  0.3817E+01  0.2900E-02  0.2900E-02  0.2900E-02  0.2900E-02  0.2900E-02  0.2900E-02  0.2900E-02  0.2900E-02  0.2900E-02  0.2900E-02  0.2900E-02  0.2900E-02
  13.83770  0.3596E+02  0.3300E+02  0.2960E+01  0.2800E-02  0.2800E-02  0.2800E-02  0.2800E-02  0.2800E-02  0.2800E-02  0.2800E-02  0.2800E-02  0.2800E-02  0.2800E-02  0.2800E-02  0.2800E-02
  13.89277  0.2952E+02  0.2728E+02  0.2243E+01  0.2700E-02  0.2700E-02  0.2700E-02  0.2700E-02  0.2700E-02  0.2700E-02  0.2700E-02  0.2700E-02  0.2700E-02  0.2700E-02  0.2700E-02  0.2700E-02
  13.94785  0.2415E+02  0.2245E+02  0.1706E+01  0.2600E-02  0.2600E-02  0.2600E-02  0.2600E-02  0.2600E-02  0.2600E-02  0.2600E-02  0.2600E-02  0.2600E-02  0.2600E-02  0.2600E-02  0.2600E-02
  14.00294  0.1962E+02  0.1836E+02  0.1262E+01  0.2500E-02  0.2500E-02  0.2500E-02  0.2500E-02  0.2500E-02  0.2500E-02  0.2500E-02  0.2500E-02  0.2500E-02  0.2500E-02  0.2500E-02  0.2500E-02
  14.05802  0.1575E+02  0.1480E+02  0.9564E+00  0.2400E-02  0.2400E-02  0.2400E-02  0.2400E-02  0.2400E-02  0.2400E-02  0.2400E-02  0.2400E-02  0.2400E-02  0.2400E-02  0.2400E-02  0.2400E-02
  14.11310  0.1254E+02  0.1182E+02  0.7253E+00  0.2300E-02  0.2300E-02  0.2300E-02  0.2300E-02  0.2300E-02  0.2300E-02  0.2300E-02  0.2300E-02  0.2300E-02  0.2300E-02  0.2300E-02  0.2300E-02
  14.16818  0.9905E+01  0.9403E+01  0.5042E+00  0.2200E-02  0.2200E-02  0.2200E-02  0.2200E-02  0.2200E-02  0.2200E-02  0.2200E-02  0.2200E-02  0.2200E-02  0.2200E-02  0.2200E-02  0.2200E-02
  14.22326  0.7858E+01  0.7500E+01  0.3601E+00  0.2100E-02  0.2100E-02  0.2100E-02  0.2100E-02  0.2100E-02  0.2100E-02  0.2100E-02  0.2100E-02  0.2100E-02  0.2100E-02  0.2100E-02  0.2100E-02
  14.27834  0.6111E+01  0.5861E+01  0.2520E+00  0.2000E-02  0.2000E-02  0.2000E-02  0.2000E-02  0.2000E-02  0.2000E-02  0.2000E-02  0.2000E-02  0.2000E-02  0.2000E-02  0.2000E-02  0.2000E-02
  14.33342  0.4738E+01  0.4573E+01  0.1669E+00  0.1900E-02  0.1900E-02  0.1900E-02  0.1900E-02  0.1900E-02  0.1900E-02  0.1900E-02  0.1900E-02  0.1900E-02  0.1900E-02  0.1900E-02  0.1900E-02
  14.38850  0.3648E+01  0.3534E+01  0.1158E+00  0.1800E-02  0.1800E-02  0.1800E-02  0.1800E-02  0.1800E-02  0.1800E-02  0.1800E-02  0.1800E-02  0.1800E-02  0.1800E-02  0.1800E-02  0.1800E-02
  14.44358  0.2732E+01  0.2651E+01  0.8270E-01  0.1700E-02  0.1700E-02  0.1700E-02  0.1700E-02  0.1700E-02  0.1700E-02  0.1700E-02  0.1700E-02  0.1700E-02  0.1700E-02  0.1700E-02  0.1700E-02
  14.49866  0.2067E+01  0.2011E+01  0.5760E-01  0.1600E-02  0.1600E-02  0.1600E-02  0.1600E-02  0.1600E-02  0.1600E-02  0.1600E-02  0.1600E-02  0.1600E-02  0.1600E-02  0.1600E-02  0.1600E-02
  14.55374  0.1512E+01  0.1480E+01  0.3350E-01  0.1500E-02  0.1500E-02  0.1500E-02  0.1500E-02  0.1500E-02  0.1500E-02  0.1500E-02  0.1500E-02  0.1500E-02  0.1500E-02  0.1500E-02  0.1500E-02
  14.60882  0.1133E+01  0.1109E+01  0.2540E-01  0.1400E-02  0.1400E-02  0.1400E-02  0.1400E-02  0.1400E-02  0.1400E-02  0.1400E-02  0.1400E-02  0.1400E-02  0.1400E-02  0.1400E-02  0.1400E-02
  14.66390  0.8133E+00  0.7983E+00  0.1630E-01  0.1300E-02  0.1300E-02  0.1300E-02  0.1300E-02  0.1300E-02  0.1300E-02  0.1300E-02  0.1300E-02  0.1300E-02  0.1300E-02  0.1300E-02  0.1300E-02
  14.71898  0.5612E+00  0.5522E+00  0.1020E-01  0.1200E-02  0.1200E-02  0.1200E-02  0.1200E-02  0.1200E-02  0.1200E-02  0.1200E-02  0.1200E-02  0.1200E-02  0.1200E-02  0.1200E-02  0.1200E-02
  14.77406  0.3891E+00  0.3841E+00  0.6100E-02  0.1100E-02  0.1100E-02  0.1100E-02  0.1100E-02  0.1100E-02  0.1100E-02  0.1100E-02  0.1100E-02  0.1100E-02  0.1100E-02  0.1100E-02  0.1100E-02
  14.82914  0.2660E+00  0.2630E+00  0.4000E-02  0.1000E-02  0.1000E-02  0.1000E-02  0.1000E-02  0.1000E-02  0.1000E-02  0.1000E-02  0.1000E-02  0.1000E-02  0.1000E-02  0.1000E-02  0.1000E-02
  14.88422  0.1669E+00  0.1649E+00  0.2900E-02  0.9000E-03  0.9000E-03  0.9000E-03  0.9000E-03  0.9000E-03  0.9000E-03  0.9000E-03  0.9000E-03  0.9000E-03  0.9000E-03  0.9000E-03  0.9000E-03
  14.93930  0.9980E-01  0.9980E-01  0.8000E-03  0.8000E-03  0.8000E-03  0.8000E-03  0.8000E-03  0.8000E-03  0.8000E-03  0.8000E-03  0.8000E-03  0.8000E-03  0.8000E-03  0.8000E-03  0.8000E-03
  14.99438  0.6570E-01  0.6570E-01  0.7000E-03  0.7000E-03  0.7000E-03  0.7000E-03  0.7000E-03  0.7000E-03  0.7000E-03  0.7000E-03  0.7000E-03  0.7000E-03  0.7000E-03  0.7000E-03  0.7000E-03
  15.04946  0.3560E-01  0.3560E-01  0.6000E-03  0.6000E-03  0.6000E-03  0.6000E-03  0.6000E-03  0.6000E-03  0.6000E-03  0.6000E-03  0.6000E-03  0.6000E-03  0.6000E-03  0.6000E-03  0.6000E-03
  15.10454  0.2150E-01  0.2150E-01  0.5000E-03  0.5000E-03  0.5000E-03  0.5000E-03  0.5000E-03  0.5000E-03  0.5000E-03  0.5000E-03  0.5000E-03  0.5000E-03  0.5000E-03  0.5000E-03  0.5000E-03
  15.15962  0.1140E-01  0.1140E-01  0.4000E-03  0.4000E-03  0.4000E-03  0.4000E-03  0.4000E-03  0.4000E-03  0.4000E-03  0.4000E-03  0.4000E-03  0.4000E-03  0.4000E-03  0.4000E-03  0.4000E-03
  15.21470  0.6300E-02  0.6300E-02  0.3000E-03  0.3000E-03  0.3000E-03  0.3000E-03  0.3000E-03  0.3000E-03  0.3000E-03  0.3000E-03  0.3000E-03  0.3000E-03  0.3000E-03  0.3000E-03  0.3000E-03
  15.26978  0.3200E-02  0.3200E-02  0.2000E-03  0.2000E-03  0.2000E-03  0.2000E-03  0.2000E-03  0.2000E-03  0.2000E-03  0.2000E-03  0.2000E-03  0.2000E-03  0.2000E-03  0.2000E-03  0.2000E-03
  15.32486  0.1100E-02  0.1100E-02  0.1000E-03  0.1000E-03  0.1000E-03  0.1000E-03  0.1000E-03  0.1000E-03  0.1000E-03  0.1000E-03  0.1000E-03  0.1000E-03  0.1000E-03  0.1000E-03  0.1000E-03
