    8.20000   6.75782   3.56346   5.02246   3.40884   1.73537   1.36968   5.40971   3.63386   3.67435   3.16061   1.73537   1.36968   1.34811   1.44592   1.34811   1.44592   0.00000   0.00000
    8.30000   5.00654   1.16279   2.67743   0.94200   2.32910   0.89174   2.49391   0.73681   1.32916   0.62104   1.16475   0.60850   2.51262   0.79700   1.34827   0.59559   1.16435   0.58442
    8.40000   5.20261   0.83311   1.86891   0.55486   3.33369   0.58244   3.79704   0.85743   0.91672   0.38648   2.88032   0.66879   1.40557   0.77442   0.95220   0.57148   0.45337   0.33642
    8.50000   3.69426   0.63101   1.36022   0.39372   2.33404   0.41604   2.81236   0.52537   0.86119   0.23995   1.95116   0.44109   0.88190   0.52711   0.49903   0.33653   0.38288   0.28787
    8.60000   3.22537   0.41234   0.98670   0.27009   2.23867   0.31385   2.40630   0.40357   0.53637   0.14427   1.86993   0.36119   0.81907   0.34518   0.45033   0.22650   0.36874   0.18581
    8.70000   3.19468   0.34111   0.88209   0.23391   2.31258   0.22365   2.07237   0.30948   0.48216   0.12508   1.59021   0.27154   1.12231   0.34258   0.39994   0.19893   0.72238   0.21005
    8.80000   2.79794   0.23617   0.82622   0.13876   1.97172   0.22552   2.00709   0.26671   0.35755   0.08245   1.64954   0.24526   0.79084   0.16544   0.46866   0.11296   0.32218   0.09974
    8.90000   2.72090   0.19213   0.99359   0.14319   1.72730   0.17422   1.81359   0.23738   0.49871   0.07657   1.31488   0.21358   0.90731   0.18802   0.49488   0.11424   0.41242   0.12146
    9.00000   2.53661   0.15444   0.75109   0.11103   1.78552   0.15726   1.71382   0.16376   0.34345   0.06374   1.37038   0.16866   0.82279   0.12186   0.40765   0.07878   0.41515   0.07700
    9.10000   2.80009   0.14365   0.94227   0.13231   1.85783   0.17619   1.81342   0.20801   0.37924   0.07436   1.43418   0.16984   0.98667   0.16697   0.56302   0.13909   0.42364   0.06247
    9.20000   2.52994   0.13287   0.85794   0.10152   1.67200   0.15460   1.65511   0.16897   0.37322   0.05455   1.28189   0.14691   0.87483   0.11086   0.48473   0.09736   0.39010   0.04313
    9.30000   2.60460   0.11055   0.88387   0.08236   1.72073   0.12320   1.71115   0.16749   0.42031   0.05402   1.29085   0.13883   0.89345   0.12835   0.46356   0.08808   0.42989   0.06121
    9.40000   2.60180   0.11176   1.00601   0.07323   1.59579   0.12065   1.64447   0.16024   0.44547   0.05507   1.19900   0.12834   0.95732   0.11047   0.56054   0.08184   0.39680   0.04797
    9.50000   2.21345   0.10750   0.86819   0.04921   1.34527   0.10484   1.40163   0.11645   0.40334   0.04138   0.99830   0.09257   0.81182   0.05591   0.46485   0.05331   0.34697   0.03174
    9.60000   2.12437   0.09693   0.90465   0.03472   1.21973   0.08403   1.46532   0.12070   0.47324   0.04430   0.99208   0.09512   0.65904   0.05724   0.43141   0.04070   0.22765   0.02880
    9.70000   1.96952   0.09343   0.92879   0.03547   1.04072   0.07621   1.34109   0.11289   0.50365   0.05023   0.83744   0.07631   0.62843   0.05309   0.42515   0.04344   0.20328   0.01938
    9.80000   1.79681   0.06872   0.86329   0.02521   0.93351   0.06135   1.21597   0.08817   0.46764   0.03947   0.74833   0.06160   0.58083   0.04505   0.39565   0.03949   0.18518   0.01439
    9.90000   1.75428   0.08081   0.92746   0.04096   0.82682   0.05380   1.19539   0.09212   0.54153   0.04907   0.65387   0.05451   0.55888   0.03396   0.38594   0.02714   0.17293   0.01343
   10.00000   1.65292   0.06579   0.91035   0.03352   0.74257   0.04273   1.13776   0.08454   0.54141   0.04722   0.59634   0.04513   0.51516   0.03378   0.36893   0.02834   0.14622   0.01149
   10.10000   1.61618   0.06598   0.94462   0.03563   0.67157   0.03984   1.14268   0.08369   0.59387   0.04831   0.54881   0.04312   0.47350   0.03160   0.35075   0.02645   0.12276   0.00998
   10.20000   1.56998   0.06306   0.97914   0.03878   0.59083   0.03397   1.11201   0.08142   0.64019   0.05311   0.47182   0.03511   0.45797   0.03096   0.33895   0.02759   0.11902   0.00761
   10.30000   1.50250   0.05641   0.97663   0.03249   0.52586   0.02980   1.09183   0.07662   0.66348   0.05031   0.42835   0.03201   0.41066   0.03080   0.31316   0.02707   0.09751   0.00656
   10.40000   1.31084   0.04797   0.89094   0.03015   0.41989   0.02300   0.96631   0.06817   0.61775   0.04787   0.34856   0.02516   0.34453   0.02846   0.27319   0.02472   0.07134   0.00567
   10.50000   1.08261   0.03558   0.76083   0.02445   0.32177   0.01549   0.82129   0.05293   0.55218   0.03840   0.26911   0.01864   0.26131   0.02365   0.20865   0.01969   0.05266   0.00571
   10.60000   0.84995   0.02666   0.60805   0.01878   0.24189   0.01107   0.66037   0.04184   0.45489   0.03093   0.20549   0.01376   0.18957   0.01925   0.15316   0.01588   0.03641   0.00455
   10.70000   0.64397   0.01930   0.47723   0.01448   0.16674   0.00739   0.51822   0.03107   0.37531   0.02424   0.14291   0.00918   0.12574   0.01514   0.10192   0.01294   0.02383   0.00321
   10.80000   0.45822   0.01299   0.35558   0.01066   0.10264   0.00387   0.38111   0.02109   0.29100   0.01744   0.09011   0.00507   0.07711   0.01012   0.06458   0.00868   0.01254   0.00201
   10.90000   0.30090   0.00708   0.24365   0.00688   0.05725   0.00144   0.25716   0.01233   0.20636   0.01143   0.05081   0.00191   0.04374   0.00666   0.03729   0.00587   0.00644   0.00120
   11.00000   0.18461   0.00473   0.15727   0.00482   0.02734   0.00107   0.16269   0.00728   0.13785   0.00708   0.02484   0.00080   0.02191   0.00348   0.01942   0.00311   0.00250   0.00059
   11.10000   0.10664   0.00217   0.09312   0.00274   0.01352   0.00115   0.09644   0.00366   0.08394   0.00392   0.01251   0.00081   0.01020   0.00197   0.00919   0.00163   0.00102   0.00047
   11.20000   0.05750   0.00112   0.05198   0.00172   0.00551   0.00091   0.05314   0.00183   0.04797   0.00228   0.00517   0.00074   0.00436   0.00100   0.00402   0.00082   0.00034   0.00024
   11.30000   0.02944   0.00063   0.02710   0.00090   0.00234   0.00043   0.02806   0.00086   0.02583   0.00109   0.00223   0.00040   0.00137   0.00037   0.00127   0.00032   0.00011   0.00008
   11.40000   0.01311   0.00042   0.01216   0.00046   0.00095   0.00017   0.01268   0.00046   0.01173   0.00050   0.00095   0.00017   0.00043   0.00012   0.00043   0.00012   0.00000   0.00001
   11.50000   0.00470   0.00034   0.00439   0.00031   0.00033   0.00008   0.00467   0.00034   0.00436   0.00032   0.00032   0.00010   0.00002   0.00003   0.00002   0.00003   0.00000   0.00001
   11.60000   0.00125   0.00013   0.00114   0.00013   0.00009   0.00004   0.00125   0.00013   0.00114   0.00013   0.00009   0.00004   0.00000   0.00000   0.00000   0.00000   0.00000   0.00000
   11.70000   0.00033   0.00008   0.00030   0.00006   0.00002   0.00002   0.00033   0.00008   0.00030   0.00006   0.00002   0.00002   0.00000   0.00000   0.00000   0.00000   0.00000   0.00000
   11.80000   0.00002   0.00002   0.00001   0.00001   0.00001   0.00001   0.00002   0.00002   0.00001   0.00001   0.00001   0.00001   0.00000   0.00000   0.00000   0.00000   0.00000   0.00000
   11.90000   0.00005   0.00002   0.00001   0.00001   0.00003   0.00002   0.00005   0.00002   0.00001   0.00001   0.00003   0.00002   0.00000   0.00000   0.00000   0.00000   0.00000   0.00000



# this data set is coming from Yang et al. 2009c, ApJ, 695, 900, table 3.
Column 1: the median of the logarithm of the galaxy stellar mass with bin width Δ log M∗ = 0.05. Columns 2–4: the stellar mass functions of all, red, and blue for “All” group members. Columns
5–7: the stellar mass functions of all, red, and blue for “Central” group members. Columns 8–10: the stellar mass functions of all, red, and blue for “Satellite” group members. Note that all the galaxy
stellar mass functions listed in this table are in units of 10^{−2}h^3Mpc^{−3}d log M∗, where log is the 10 based logarithm.

Starting from column 2, data and error bars are provided in two separated columns. 
 
